homecage-1.tif

1.0000,0.3903
2.0000,0.4176
3.0000,0.3123
4.0000,0.3052
5.0000,0.3763
6.0000,0.3583
7.0000,0.4031
8.0000,0.3382
9.0000,0.2554
10.0000,0.2513
11.0000,0.1549
12.0000,0.2650
13.0000,0.1885
14.0000,0.1409
15.0000,0.1465
16.0000,0.1462
17.0000,0.1429
18.0000,0.1640
19.0000,0.1718
20.0000,0.1092
21.0000,0.1604
22.0000,0.1547
23.0000,0.1747
24.0000,0.1958
25.0000,0.2604
26.0000,0.3707
27.0000,0.3802
28.0000,0.3122
29.0000,0.4261
30.0000,0.3708
31.0000,0.3203
32.0000,0.3209
33.0000,0.2871
34.0000,0.3621
35.0000,0.3075
36.0000,0.2304
37.0000,0.1266
38.0000,0.2136
39.0000,0.1566
40.0000,0.1950
41.0000,0.1728
42.0000,0.2222
43.0000,0.1714
44.0000,0.1491
45.0000,0.1467
46.0000,0.1140
47.0000,0.1995
48.0000,0.1116
49.0000,0.1645
50.0000,0.0995
51.0000,0.1397
52.0000,0.1388
53.0000,0.1813
54.0000,0.1220
55.0000,0.1114
56.0000,0.1059
57.0000,0.1128
58.0000,0.1436
59.0000,0.1753
60.0000,0.1556
61.0000,0.0714
62.0000,0.0846
63.0000,0.0666
64.0000,0.1024
65.0000,0.2331
66.0000,0.1013
67.0000,0.1541
68.0000,0.1334
69.0000,0.0934
70.0000,0.1039
71.0000,0.0439
72.0000,0.0547
73.0000,0.1445
74.0000,0.0656
75.0000,0.1088
76.0000,0.1208
77.0000,0.1663
78.0000,0.1117
79.0000,0.1364
80.0000,0.1162
81.0000,0.2274
82.0000,0.1403
83.0000,0.1991
84.0000,0.0904
85.0000,0.1232
86.0000,0.1168
87.0000,0.1159
88.0000,0.0936
89.0000,0.1341
90.0000,0.1813
91.0000,0.1373
92.0000,0.1590
93.0000,0.0872
94.0000,0.1578
95.0000,0.1259
96.0000,0.1190
97.0000,0.1230
98.0000,0.1618
99.0000,0.1844
100.0000,0.1180
101.0000,0.1131
102.0000,0.0798
103.0000,0.0670
104.0000,0.0391
105.0000,0.1214
106.0000,0.0696
107.0000,0.1567
108.0000,0.1214
109.0000,0.1436
110.0000,0.0797
111.0000,0.0676
112.0000,0.1021
113.0000,0.0674
114.0000,0.0978
115.0000,0.1118
116.0000,0.1605
117.0000,0.1282
118.0000,0.2066
119.0000,0.1267
120.0000,0.1973
121.0000,0.1194
122.0000,0.1159
123.0000,0.0682
124.0000,0.0946
125.0000,0.1370
126.0000,0.0727
127.0000,0.1299
128.0000,0.6833
129.0000,0.0853
130.0000,0.0783
131.0000,0.0797
132.0000,0.1110
133.0000,0.0802
134.0000,0.1695
135.0000,0.1104
136.0000,0.1223
137.0000,0.1118
138.0000,0.1575
139.0000,0.0064
140.0000,0.2151
141.0000,0.2289
142.0000,0.1128
143.0000,0.1530
144.0000,0.1713
145.0000,0.1095
146.0000,0.1236
147.0000,0.1417
148.0000,0.1296
149.0000,0.1300
150.0000,0.1543
151.0000,0.1232
152.0000,0.0627
153.0000,0.1135
154.0000,0.1496
155.0000,0.1175
156.0000,0.0746
157.0000,0.1098
158.0000,0.0759
159.0000,0.0738
160.0000,0.0870
161.0000,0.0847
162.0000,0.0858
163.0000,0.1250
164.0000,0.0969
165.0000,0.1036
166.0000,0.1426
167.0000,0.0804
168.0000,0.0668
169.0000,0.0728
170.0000,0.0825
171.0000,0.0796
172.0000,0.0397
173.0000,0.0471
174.0000,0.1068
175.0000,0.0498
176.0000,0.1418
177.0000,0.1114
178.0000,0.0604



homecage-2.avi

1.0000,0.6169
2.0000,0.3270
3.0000,0.3364
4.0000,0.2969
5.0000,0.2768
6.0000,0.2662
7.0000,0.2479
8.0000,0.2820
9.0000,0.2803
10.0000,0.3072
11.0000,0.2935
12.0000,0.3521
13.0000,0.2700
14.0000,0.3004
15.0000,0.2999
16.0000,0.3816
17.0000,0.3922
18.0000,0.3612
19.0000,0.2411
20.0000,0.2876
21.0000,0.3455
22.0000,0.3259
23.0000,0.2947
24.0000,0.3345
25.0000,0.3105
26.0000,0.6745
27.0000,0.3385
28.0000,0.3239
29.0000,0.2660
30.0000,0.2927
31.0000,0.3416
32.0000,0.3823
33.0000,0.2879
34.0000,0.3033
35.0000,0.3948
36.0000,0.4329
37.0000,0.3966
38.0000,0.3726
39.0000,0.4119
40.0000,0.4291
41.0000,0.3753
42.0000,0.3385
43.0000,0.3159
44.0000,0.3443
45.0000,0.3120
46.0000,0.3016
47.0000,0.2856
48.0000,0.2642
49.0000,0.2577
50.0000,0.3293
51.0000,0.5315
52.0000,0.3431
53.0000,0.3662
54.0000,0.3260
55.0000,0.2823
56.0000,0.2742
57.0000,0.2333
58.0000,0.3008
59.0000,0.3355
60.0000,0.3499
61.0000,0.2767
62.0000,0.2573
63.0000,0.2475
64.0000,0.2734
65.0000,0.2543
66.0000,0.3710
67.0000,0.2869
68.0000,0.3071
69.0000,0.3201
70.0000,0.3503
71.0000,0.2473
72.0000,0.3036
73.0000,0.2554
74.0000,0.2521
75.0000,0.1966
76.0000,0.5931
77.0000,0.2637
78.0000,0.2481
79.0000,0.2689
80.0000,0.2781
81.0000,0.2641
82.0000,0.2594
83.0000,0.2389
84.0000,0.2642
85.0000,0.3396
86.0000,0.3466
87.0000,0.3076
88.0000,0.3645
89.0000,0.2753
90.0000,0.2537
91.0000,0.2876
92.0000,0.3111
93.0000,0.3142
94.0000,0.3276
95.0000,0.4099
96.0000,0.3995
97.0000,0.3084
98.0000,0.2736
99.0000,0.3225
100.0000,0.3006
101.0000,0.5205
102.0000,0.2625
103.0000,0.2755
104.0000,0.2859
105.0000,0.2938
106.0000,0.2485
107.0000,0.2271
108.0000,0.2636
109.0000,0.2178
110.0000,0.2540
111.0000,0.2805
112.0000,0.4054
113.0000,0.4435
114.0000,0.3863
115.0000,0.4089
116.0000,0.3898
117.0000,0.3185
118.0000,0.2675
119.0000,0.2396
120.0000,0.2191
121.0000,0.2211
122.0000,0.2118
123.0000,0.2753
124.0000,0.2372
125.0000,0.2123
126.0000,0.5814
127.0000,0.2895
128.0000,0.2471
129.0000,0.2858
130.0000,0.3769
131.0000,0.4024
132.0000,0.4836
133.0000,0.5078
134.0000,0.4963
135.0000,0.4355
136.0000,0.4103
137.0000,0.3817
138.0000,0.3433
139.0000,0.3187
140.0000,0.3912
141.0000,0.4225
142.0000,0.3832
143.0000,0.4015
144.0000,0.3572
145.0000,0.2548
146.0000,0.2984
147.0000,0.2176
148.0000,0.2623
149.0000,0.2590
150.0000,0.2849
151.0000,0.4994
152.0000,0.3004
153.0000,0.3178
154.0000,0.2455
155.0000,0.2157
156.0000,0.2170
157.0000,0.2729
158.0000,0.3439
159.0000,0.2718
160.0000,0.2484
161.0000,0.2111
162.0000,0.2267
163.0000,0.2086
164.0000,0.2389
165.0000,0.2129
166.0000,0.2191
167.0000,0.2167
168.0000,0.2383
169.0000,0.2967
170.0000,0.2733
171.0000,0.2290
172.0000,0.2728
173.0000,0.2266
174.0000,0.2244
175.0000,0.2139
176.0000,0.4897
177.0000,0.2592
178.0000,0.2684
179.0000,0.3191
180.0000,0.3122
181.0000,0.3145
182.0000,0.3147
183.0000,0.2945
184.0000,0.2551
185.0000,0.3037
186.0000,0.3566
187.0000,0.3635
188.0000,0.3615
189.0000,0.3302
190.0000,0.3122
191.0000,0.2796
192.0000,0.3420
193.0000,0.3249
194.0000,0.3023
195.0000,0.3381
196.0000,0.3123
197.0000,0.3445
198.0000,0.3199
199.0000,0.2541
200.0000,0.2785
201.0000,0.5707
202.0000,0.2884
203.0000,0.4167
204.0000,0.4232
205.0000,0.3611
206.0000,0.3791
207.0000,0.3933
208.0000,0.4114
209.0000,0.3702
210.0000,0.3803
211.0000,0.2993
212.0000,0.3140
213.0000,0.2487
214.0000,0.2267
215.0000,0.2847
216.0000,0.2909
217.0000,0.2986
218.0000,0.2959
219.0000,0.2656
220.0000,0.3853
221.0000,0.4027
222.0000,0.4424
223.0000,0.6065
224.0000,0.7749
225.0000,0.8478
226.0000,1.2699
227.0000,0.6044
228.0000,0.4845
229.0000,0.5154
230.0000,0.5413
231.0000,0.4881
232.0000,0.4390
233.0000,0.3717
234.0000,0.5014
235.0000,0.5285
236.0000,0.5340
237.0000,0.5307
238.0000,0.5331
239.0000,0.4557
240.0000,0.3658
241.0000,0.4475
242.0000,0.3761
243.0000,0.2853
244.0000,0.2587
245.0000,0.2506
246.0000,0.2500
247.0000,0.2670
248.0000,0.3280
249.0000,0.2802
250.0000,0.3373
251.0000,0.6028
252.0000,0.3854
253.0000,0.2815
254.0000,0.4382
255.0000,0.3397
256.0000,0.4048
257.0000,0.4179
258.0000,0.3791
259.0000,0.3433
260.0000,0.3029
261.0000,0.3506
262.0000,0.3287
263.0000,0.3809
264.0000,0.3474
265.0000,0.4436
266.0000,0.5168
267.0000,0.5493
268.0000,0.5548
269.0000,0.7807
270.0000,0.6344
271.0000,0.4395
272.0000,0.4157
273.0000,0.4657
274.0000,0.4401
275.0000,0.4105
276.0000,0.8089
277.0000,0.3702
278.0000,0.3341
279.0000,0.3576
280.0000,0.3535
281.0000,0.4042
282.0000,0.4040
283.0000,0.3884
284.0000,0.3727
285.0000,0.4384
286.0000,0.3447
287.0000,0.3543
288.0000,0.3749
289.0000,0.3471
290.0000,0.3658
291.0000,0.2956
292.0000,0.2983
293.0000,0.3498
294.0000,0.3964
295.0000,0.3961
296.0000,0.3472
297.0000,0.3749
298.0000,0.3593
299.0000,0.3291
300.0000,0.3812
301.0000,0.5880
302.0000,0.3732
303.0000,0.3909
304.0000,0.3485
305.0000,0.3504
306.0000,0.3525
307.0000,0.3143
308.0000,0.3574
309.0000,0.2801
310.0000,0.3281
311.0000,0.3200
312.0000,0.3487
313.0000,0.2882
314.0000,0.2698
315.0000,0.2403
316.0000,0.2596
317.0000,0.2447
318.0000,0.2506
319.0000,0.2442
320.0000,0.2314
321.0000,0.2182
322.0000,0.2228
323.0000,0.2282
324.0000,0.2119
325.0000,0.2386
326.0000,0.4767
327.0000,0.3069
328.0000,0.2730
329.0000,0.2312
330.0000,0.2303
331.0000,0.1986
332.0000,0.2216
333.0000,0.2314
334.0000,0.3047
335.0000,0.3756
336.0000,0.3785
337.0000,0.2505
338.0000,0.2585
339.0000,0.3247
340.0000,0.3112
341.0000,0.2326
342.0000,0.1994
343.0000,0.2174
344.0000,0.2547
345.0000,0.2906
346.0000,0.2582
347.0000,0.2246
348.0000,0.2102
349.0000,0.1988
350.0000,0.2087
351.0000,0.5932
352.0000,0.3457
353.0000,0.3541
354.0000,0.3927
355.0000,0.3102
356.0000,0.2854
357.0000,0.2595
358.0000,0.2794
359.0000,0.2587
360.0000,0.2617
361.0000,0.3137
362.0000,0.3098
363.0000,0.2919
364.0000,0.2763
365.0000,0.3092
366.0000,0.2769
367.0000,0.3128
368.0000,0.3190
369.0000,0.3096
370.0000,0.3279
371.0000,0.2850
372.0000,0.2929
373.0000,0.3152
374.0000,0.2706
375.0000,0.2417
376.0000,0.5337
377.0000,0.3205
378.0000,0.3140
379.0000,0.3017
380.0000,0.3436
381.0000,0.3811
382.0000,0.3988
383.0000,0.2989
384.0000,0.2756
385.0000,0.3289
386.0000,0.3983
387.0000,0.5530
388.0000,0.7453
389.0000,0.6803
390.0000,0.6672
391.0000,0.5929
392.0000,0.4451
393.0000,0.3718
394.0000,0.3649
395.0000,0.3990
396.0000,0.2994
397.0000,0.2238
398.0000,0.2623
399.0000,0.2706
400.0000,0.2746
401.0000,0.5131
402.0000,0.2432
403.0000,0.2095
404.0000,0.1979
405.0000,0.2245
406.0000,0.2301
407.0000,0.3091
408.0000,0.2938
409.0000,0.2981
410.0000,0.2694
411.0000,0.2541
412.0000,0.2532
413.0000,0.2498
414.0000,0.2534
415.0000,0.2833
416.0000,0.2995
417.0000,0.2682
418.0000,0.2322
419.0000,0.2094
420.0000,0.2516
421.0000,0.2368
422.0000,0.2252
423.0000,0.2132
424.0000,0.2244
425.0000,0.2499
426.0000,0.4954
427.0000,0.2420
428.0000,0.2365
429.0000,0.2020
430.0000,0.2606
431.0000,0.2124
432.0000,0.2411
433.0000,0.2853
434.0000,0.2987
435.0000,0.2853
436.0000,0.2876
437.0000,0.2927
438.0000,0.2254
439.0000,0.2253
440.0000,0.2145
441.0000,0.2264
442.0000,0.2448
443.0000,0.2654
444.0000,0.3321
445.0000,0.4224
446.0000,0.5346
447.0000,0.4848
448.0000,0.4744
449.0000,0.3977
450.0000,0.4873
451.0000,0.7016
452.0000,0.3991
453.0000,0.2960
454.0000,0.2931
455.0000,0.3123
456.0000,0.3772
457.0000,0.4112
458.0000,0.3758
459.0000,0.3188
460.0000,0.3442
461.0000,0.3502
462.0000,0.3139
463.0000,0.2888
464.0000,0.2829
465.0000,0.2729
466.0000,0.2531
467.0000,0.3255
468.0000,0.3920
469.0000,0.3898
470.0000,0.3539
471.0000,0.3285
472.0000,0.3115
473.0000,0.2849
474.0000,0.2458
475.0000,0.2404
476.0000,0.5622
477.0000,0.2537
478.0000,0.2229
479.0000,0.2535
480.0000,0.2512
481.0000,0.2157
482.0000,0.2204
483.0000,0.2788
484.0000,0.2575
485.0000,0.2280
486.0000,0.2371
487.0000,0.2666
488.0000,0.3528
489.0000,0.3910
490.0000,0.4494
491.0000,0.4584
492.0000,0.4840
493.0000,0.4823
494.0000,0.4026
495.0000,0.4329
496.0000,0.4872
497.0000,0.5638
498.0000,0.5226
499.0000,0.4721
500.0000,0.3664
501.0000,0.8283
502.0000,0.3028
503.0000,0.3800
504.0000,0.3465
505.0000,0.3003
506.0000,0.3230
507.0000,0.3738
508.0000,0.2826
509.0000,0.3056
510.0000,0.2903
511.0000,0.2819
512.0000,0.3063
513.0000,0.2953
514.0000,0.3710
515.0000,0.3815
516.0000,0.3089
517.0000,0.2287
518.0000,0.2743
519.0000,0.3858
520.0000,0.3123
521.0000,0.2937
522.0000,0.2708
523.0000,0.3500
524.0000,0.3131
525.0000,0.2656
526.0000,0.5808
527.0000,0.2804
528.0000,0.2335
529.0000,0.2211
530.0000,0.2782
531.0000,0.2316
532.0000,0.2917
533.0000,0.2407
534.0000,0.3351
535.0000,0.3618
536.0000,0.3197
537.0000,0.3343
538.0000,0.3966
539.0000,0.3797
540.0000,0.4244
541.0000,0.4466
542.0000,0.4194
543.0000,0.3606
544.0000,0.3486
545.0000,0.3547
546.0000,0.4019
547.0000,0.3440
548.0000,0.3280
549.0000,0.3606
550.0000,0.3326
551.0000,0.6555
552.0000,0.3265
553.0000,0.2655
554.0000,0.3084
555.0000,0.3289
556.0000,0.5941
557.0000,0.6764
558.0000,0.6924
559.0000,0.5562
560.0000,0.3785
561.0000,0.3311
562.0000,0.3946
563.0000,0.2835
564.0000,0.2647
565.0000,0.3035
566.0000,0.3087
567.0000,0.3446
568.0000,0.3030
569.0000,0.3940
570.0000,0.3272
571.0000,0.3160
572.0000,0.3918
573.0000,0.4955
574.0000,0.6051
575.0000,0.6094
576.0000,0.9635
577.0000,0.5256
578.0000,0.7385
579.0000,0.8180
580.0000,0.8679
581.0000,0.6864
582.0000,0.5483
583.0000,0.4880
584.0000,0.4980
585.0000,0.4873
586.0000,0.4431
587.0000,0.4358
588.0000,0.4336
589.0000,0.3035
590.0000,0.2658
591.0000,0.2326
592.0000,0.2249
593.0000,0.2079
594.0000,0.1907
595.0000,0.1970
596.0000,0.1964
597.0000,0.1730
598.0000,0.1955
599.0000,0.1966
600.0000,0.2295
601.0000,0.4096
602.0000,0.2927
603.0000,0.2645
604.0000,0.2838
605.0000,0.2761
606.0000,0.2314
607.0000,0.2106
608.0000,0.1795
609.0000,0.1696
610.0000,0.2049
611.0000,0.2450
612.0000,0.2783
613.0000,0.3056
614.0000,0.3203
615.0000,0.3104
616.0000,0.2792
617.0000,0.2048
618.0000,0.1909
619.0000,0.2011
620.0000,0.1967
621.0000,0.2237
622.0000,0.2040
623.0000,0.2746
624.0000,0.2674
625.0000,0.2464
626.0000,0.5349
627.0000,0.2855
628.0000,0.3123
629.0000,0.3016
630.0000,0.2973
631.0000,0.2373
632.0000,0.2708
633.0000,0.3222
634.0000,0.3509
635.0000,0.3328
636.0000,0.3394
637.0000,0.3415
638.0000,0.3157
639.0000,0.3033
640.0000,0.2643
641.0000,0.3241
642.0000,0.3737
643.0000,0.3222
644.0000,0.2460
645.0000,0.2387
646.0000,0.2508
647.0000,0.3261
648.0000,0.2940
649.0000,0.3467
650.0000,0.3552
651.0000,0.6141
652.0000,0.3561
653.0000,0.3841
654.0000,0.3426
655.0000,0.3629
656.0000,0.4886
657.0000,0.4725
658.0000,0.4816
659.0000,0.5068
660.0000,0.4834
661.0000,0.3805
662.0000,0.3982
663.0000,0.3903
664.0000,0.3915
665.0000,0.3500
666.0000,0.3053
667.0000,0.3079
668.0000,0.3246
669.0000,0.2789
670.0000,0.2842
671.0000,0.2721
672.0000,0.2701
673.0000,0.3637
674.0000,0.4120
675.0000,0.2990
676.0000,0.5416
677.0000,0.4030
678.0000,0.5170
679.0000,0.6356
680.0000,0.7870
681.0000,0.7286
682.0000,0.6209
683.0000,0.6041
684.0000,0.5421
685.0000,0.4186
686.0000,0.4107
687.0000,0.3543
688.0000,0.3916
689.0000,0.4499
690.0000,0.4898
691.0000,0.4996
692.0000,0.4797
693.0000,0.5908
694.0000,0.6237
695.0000,0.4513
696.0000,0.3668
697.0000,0.4971
698.0000,0.3606
699.0000,0.3293
700.0000,0.2569
701.0000,0.6939
702.0000,0.3103
703.0000,0.2820
704.0000,0.2841
705.0000,0.3687
706.0000,0.3233
707.0000,0.3740
708.0000,0.4075
709.0000,0.3609
710.0000,0.3992
711.0000,0.5118
712.0000,0.5551
713.0000,0.6667
714.0000,0.6681
715.0000,0.6354
716.0000,0.7989
717.0000,0.8591
718.0000,0.7829
719.0000,0.6247
720.0000,0.4804
721.0000,0.4369
722.0000,0.3282
723.0000,0.3711
724.0000,0.4129
725.0000,0.3979
726.0000,0.6382
727.0000,0.4103
728.0000,0.3781
729.0000,0.3350
730.0000,0.5314
731.0000,0.5761
732.0000,0.4979
733.0000,0.3071
734.0000,0.2471
735.0000,0.3241
736.0000,0.3673
737.0000,0.3516
738.0000,0.3168
739.0000,0.2912
740.0000,0.2392
741.0000,0.2227
742.0000,0.2458
743.0000,0.2545
744.0000,0.2460
745.0000,0.2158
746.0000,0.2304
747.0000,0.2229
748.0000,0.2176
749.0000,0.1997
750.0000,0.2275
751.0000,0.3594
752.0000,0.2361
753.0000,0.2404
754.0000,0.2551
755.0000,0.2332
756.0000,0.1999
757.0000,0.2065
758.0000,0.1828
759.0000,0.1826
760.0000,0.2375



